Detector: [
0: {
class: "FUEL"
classID: 0
conf: 0.60546875
pts: [...]
ta: 0.013369171880185604
tx: 9.334547996520996
tx_nocross: -80.66545104980469
txp: 287.5
ty: -7.729020118713379
ty_nocross: -97.72901916503906
typ: 225
}
]